10 10
 42  31  53  79  63  22  76  15  58  96 
 82  11  80  68  45  87  33  20  62  36 
 63  88  77  44   9  74  11  37  53  63 
100  29   9  87  79  73  59  77  52   3 
  3  82  50  19 100   9  21  93  19   2 
 75  94  31  12  93  26  76  55  20  97 
 44  92  54   5  65   0  39  38  88  97 
 89   9  14  47  70  41  10  72   1  84 
 35  63  32  33  48  67  92  96  18  68 
 21  88  20  89  71   6  59  29  95  98 
45 19 46 13  8 43  8 32 49 25 
 1 14  4 41 17 25 24 17 37 40 
10 35 27 45 40 26 13 30  5  4 
 3 45 30 12 47 11 40 48 12 10 
37 10 42 42 28 34 42 36  9 45 
11 31 37 27 48 49  1 18  8 16 
12 42 44 48 41 17 14 40 10 29 
41  3  4 37 16 11 28 30 48 21 
19 20  8 35 39 35 12  5  8 37 
32  2 24 13  1 48 12 11  3 43 
