25 30
 47  16  14  94  15  86  90  55  79  87  62  16  52  32  37   3  88  91  58  54  18   2   5  28  59  71  63  81  48  62 
 97  23  70  12  53  76  97  99  55  73  71  88  33  62   3  17  17  96  81   4  45  70  42  76  29  70  44  95  61  71 
 96  48  29  97  72  36  93  22  94   5   0  48  11  34  56  84  70  93  67  71  48  48  83  14  20  13  19  38  44  96 
 33  86  75  30  17  29  43  28  53  22  80  32   2  33  90  80  69  18  95  33  45  17  76  47  88  58  96  70  78  60 
 84  98  11  54  87  32  69   7  94  59  77  16  14   0  46  83  85  67  12  33  35  33  16  20  74  94   8  43  93  25 
 51  17  42  72  21   9  44  38  94  23   1  82  87  31  36  44  15 100  25  69  59  37   6  65  98  49  30  12  88  62 
 95  45  59   7  91  27  53  85  25  44  63  75   7  18  16  49  47  65  19  87  31  42  28  16  93  15  85  67  20   9 
 35  73  61  83  45  70  56  18  57  82  74  52   1  70  64  89  66  27  37  44  16  84  65  82  86  85  65  54  18   8 
 28  46  26  81  83  19  72   7  44  13  64  26  33  46  35  81  68  63  47  21  37  72  50  85  79  28  16  51  32  62 
 29  50   6  81  72  11  49  76  44  72  47  28  13   1  66  85  36  67  90  79  76  16  88  47  46  29   1  38  68  58 
 39  39  42  16  52  66  69  30   5  97  58  10   9  76  28   2  69  77  52  15   2  29  23  38  54  27   4  83  39  14 
 63  35  26   5  34  17  51  23  30  46  38  15  80  88  36  28  99  50  65  79   5   1  28  38  78  79  91   1  84  14 
 87  21  93   0  55  11  17  32  91  39  39  14  49  85  18  21  99  60  38   2  39  49  30  29  56  27  53  36  74  46 
  5  38   7  47   8   5  31  85  71  38  33  96  55  41  66  46  60  86  46  22  93  40  72  40  84  68  31  87   1  58 
 93  48  41  11  71  96  67  61  82  52  76  90  86  28  96  88  38  96  38  98  37  82  50  64  66  93   6  18  50  88 
 57  12  53  60   1  20  83  87  43  29  60  16  58  14  68  76  94  45  40  80  33  52  50  73  85  40  49  83  49  47 
 10  48  66  51  98  41  20  91  32   1  26  62  47  82  67  64  10  66  78  75  63  81   5  37  96  40   4   3  15  98 
 21  87  24  75  18  47  35   1  17  88  82  50  25  53  47  55  60  89  42  18  87  53  27  58  28  46  45  66  64   1 
 26  42  64  76  63  75  21  91  41  77   8  48  83  60  55  90  91  21  10  78  86  51  90  62  69  16  26  86   4   6 
  6 100  67  64  46  49  90   7  14  29  79  11  59  96  88  86  64  22  89  13  41  51  58  83  71   6  71  66  94  90 
 83   7   5   2  50  40  74  66  21  76  56  84  85 100  93  24  16  15  87   5  38  62 100  56  21  82  95  95  15   9 
 75  63  15  15  60  43  67  29  18  78  72  29  35  51  31  99  60   6  15  92  24  40  44  22  54  98  15   1   1  51 
 28   9  22  45  55  39  79   6  61 100  48  94  42  63  59  64  75  90  83  91  82  46  54  57  13  69   3  48  81  71 
 38  66  72  35  56  23  70  25  56  12 100  63  52  65  23  13  27  89  22  57  83  79  56  45  36   0  36  48   6  73 
 75  86  52  48  58   7  34  85  29  66  28  62  47  87  45   2   9  68  28  58   0  97  10  34  66  10  57  42  22  46 
 9  1 50 41 18  7 24  8 39 29 23 14 47 49 35 25 41 48 29 46 14 16 29 31 36 31 39 41 28 48 
20  5 20 47 25 33 18 37  4  2 36 39 16 34  5 19 39 19 50 43  7 31  8  4 15  6  4 49 31 31 
 7 48 50 35 33 11  4 17 22 12 38 18  7 13  1 27  5  8 19 14  7 38 42 28 22 38 20 14 13 48 
29 48 18 36 28 44 28 19  7 41  7 19 36 28  1 45 29 10 27 19  6 33999 26 50 30  5 47 10  1 34 
 4 48 24 10 30 32 31  4  7 49 30 42 45 31 29 36  1 24 42 27 14 24 15 32 12 13 18 24 36 15 
48 37 14 48  6 42 29  3 28 12 44 22 42  7 42 43 38 11 18 47 32  3 23 32 36 46 14 36  8 45 
39  7  7  9 41 44  4 46 42  7  9 10 13  6  7 20 49 19 27 12 22 18 18 41  6 43 28 45 20 20 
19 21 37 16 23 26  6 36 18  6 10 15  5 10 21 21  4 40 37 45 49  4 44 10 18 21 39  8  7  5 
28 12 25  1 49 25 38 50 11 13 15 16 22 11 34 489999 39  1 28 29 13 50 40 20 30 45  7 40 12  6 
16 33  1  2 40 45 28  2 33 37 41 36 23  8 42 44  5 38  4  6 24 12 19 11  4  2  8 39 22 41 
24 31 30 27 28  7  6  4 38  4 39 32 15 35  8  3 46  4 37 25 43 27 26 15  5  3 26 45 41 21 
11 17 33 31  4 13 23  60000  8 33 26 20 28 44 21 31 11 26  8 13  1 23 42 20 27 35 30 21 41 43 
32 24  9  8  8 32 38 45 18 17  1 26 27 30 42 18 28  5  4 32 38 28 41 22  8 11 37 40  4 29 
24 41 26 17 36 34 18 38 18  7 23 35 10  2 18 11 49 35 32 16 17 42 48 34  7 19 37  5 42  6 
25 50  8 38 50  9 47 35 30 37  9 31 46 24 12 30 10 22  8 47 50  6  8 11 32  3 39 48 25  9 
22 49 28 41 42 32  1 21  9 14 43 33 34 14 41 47 20 42 48 34 42  8 18 31 23 24 19 38  8 13 
24 33 14 16 18 11 50  2 23 38 35 16  8 35 44 32  3 27 21 49  2 22 39 42 44 43 17 26 27 34 
33 26 27 35 21  6 50  2 41 34 24 19 43  8  5 45 22 49 25 46 33 48 22 28 18 49 41 24 46 38 
 3 44 38 46 25 42 47 28 40 22 35 43 49 28  5 20  1  2 44  6 45 45 19  8 19 41 48 13 40 48 
33 34 44 48 45 32 28 39  1 12  5 32 45 40 16 22 23 11 13 26 36 15 17 36 38  4 11 31 14  1 
30 42 27 15 31 13 37 40 12  3 15 19 26 19 47 35  1  7 37 24 34 20 43 21 40 39 24999 49 30 41 
33  3 29 19 29 10 24 23 21  6 38 49 14 33 27  1 31 39 48 27  3 49 31 42 41 20 12 10 18 44 
15 34  7 25 48 47  6 47 36 20 21 26 43  7 31 29 22 22 14  3 16 38 30 16 12 12 21 15 41 38 
41  4 44 48  9 21 17 47 32 38 48 36 13 13 14 46  9 13 47 50 29 11 18 19 48 18 20 33 49 14 
45  5 44 20 10 15  6 32 21 36 38 10 17  7 21 20 13 50  9 28 44  4 33 19 28 32  7 38 49 28 
