30 45
 49  78  80  44   6   5  65  42  88  26  86  77  50  14   8  95  15  63  52  96  88  94  22  53   0   1  45  48  17  40  83  69  37  68  16  25  67  25  89  44  20  74  51   5  31 
 54  62  18   3  70  67  44  24  17  80   1  31  85  58  59  67  46  62  85  41  17   0  84  94  41  25  93  99  37  83  66  16  34  41  14  18  49  68  30  99  10  29  46  47  54 
 94   5  62  57  16  67  79   3  10   4  78  49  82  45  94   4  52  43  33  32  28  91  69  95  65  56  57  53  35  90  42  17  24  37  82  44  73  27   0  71  56  27  60  81  14 
  6  91  32  28  29  35  75  33  45  89  13  28  97  90  25  43   0   0  72  58  59  94  75  72  78  44  91  16  72  29  19  52  59  37  59   2  42  56  66   6  26  43  78   0  58 
 80  16  91  27  29  63  71  45  90  42  10  50   6  84  38  27  71  56  35  19  35  52  71  42  69  95  31   1  74  63   5   7   9  54  75  53  46  94  54   2  89  97  99  71   8 
 52   6   1  50  56  44  38  83  79  60  45  70  36  79   5  26 100  28  51  11 100  19  70  33  94  28  35  95  16  27  53  61  43  24  22  70  33  59  39  75  40  10  77  70  19 
 35  41  88  13  68  62  24  63  72  72  70  38  14  26  39  12  24  39  48  33   6   5  44   2  89  64   9  83   3   8   3  17  59  20  95 100  31  16  65  61   9  11  38  44  30 
 62  45  22  37  96  55  46  36  55  47   8  57  78  69  43  57  15  14  65  16  28  57  53  44   3  27  74  38   4  84  86  78  95  85  14  81  79  75  89  44  38  78  49  66  12 
 55  34  93  23  14  34   9  52  17  90  93  96  44  84  26  93  50  52  26  69   9   4  51  21  51  97  92   0  84  19  66  10  25  12  62  70  16  28  39  83  87  28  34  80  64 
 99  68   3  24  91  67  76  55  55  35  11  69  78   2  76  16  26  21  13  77  39  97   2   5  83   1  93  16  83  29  89  21  25  88  40  64  75  83  13  89  33  30  46  81 100 
 54  17  11  20  47  77  37  62  51  45  40  20   2  28  30  77  41  14  10  29  84   0  82  67  79  47  17  87  49  99  85   1  37  68  42  77  22  51   3  50  30  14  10  22  17 
 57  31  34  64 100  83  35  60  40   2  40  35  73  55  65 100  72  41  26  48  15  66   6  12   7  37   9  77  24  35  40  18  46  33  50  35  17  15  11  72  36   6  76  25  47 
 99  33  14  89  13  80  44  44  25 100  59  71  65  33  91  48  87  85  71  62  93  32  89  13  60  56  15   1  33  69  60   0  23  17  39  55  15  22  72  74  79  53  93  66   0 
 94  66  80  62  15  23  28  13  53  51  50  98  19  95   1  74  65  40  55  86  63  25  92  90  52  94  14  26  45  17  12  60  56  60   2 100  98  51  21  66  28  61  20  34  68 
 99  35  23  41  89   5  18  58  88  13  94  84  51  50  38  53  82  89  35  99  88  85  10  36  43   6   2  96  49  54  34  78  91  51  81  74   9  94  18  17  71  84  51  87  15 
 88  30   3  18   5  31  98  87  67  43  33  18  20   1  23  62  56  48  10  87  90  33  30  29  22  44   4   0  65  62  96  16  49  56  80  25  15  64  99  20  48  34  40  91  67 
 51  24  10  74  19  24  60  68  91  43  75  12  76  98  36  64  74  12   9  16  66  46  15  65  81  71  91  51   7  88  97  12   7   2  14  21  77  82  39  96  66  60   5  46  81 
 60  75  54  88  33   0  30   2  73  74  12  20  63  36  56  37  16  36  77  42   9  95   6  60  55   6  72  89  86  19  57  81  53  85  75  59  70  90  97  18  79  20  25  88  54 
 98  56  35  99  60  92  86  63  62  34  43  80  63  55  67  13  76   4  90  90  43  41  52   9  88  94  46  20  79  69  88  33  48  67  64   1   9  25  79  37  81  45  57  52  31 
 47  41  91  28  18  16   8  30  29  14  57  96  53  60  89   9  27  12   9  63  53  37  35  27  55  60  17  56 100   9  14  50  41   3  48  85  29  51  62  28  35  45  58  91  80 
 76  88  53  91  15  27  91  73  93  35  58  37   9  68  32   0  15  24  13  19  97  65  81  25  14  75  46  87  24  37   3  26  28  65  46  45  41  38  76  95  80   6  49  57   9 
 58  58  26  35  75  33  67  19  64  50   5  14   5  39  62  61  99  89  87   8  58  52  72  57  13  11   6  66  18  12  27  31  55  42  64 100  61  93  26  20  94  29  65  29  29 
 50  24  59   2  93  17  84  31  93  41 100   8  73   4  69   2  17  36  90  24  20  78  82  30  91   4  84  27  47  19  14   0   8  42  45  55  76  20  59  28  58  17  73  44  14 
 23  38   8  73  29  64  13  30  34  31  69  68   1  52  29  67  60  93  96  81  33  38   8  67  16  99  38  49  62  64  52  79  17  82  96  60  80  24  25  34  55   8  33  34  23 
 67  22  56  50  55 100  61   5  15  31  98  99  81   1  87  27  85  99  20  25  97  42  55  22  73  22  88  64  42  18  77   4  39  48  79  10  38  49  44  48  40  87  80  88  74 
 31  40  87   5  43   0  84  71  86  15  53  64  23  39  52  48  55   2  33  78   0  49  44  80  73  25  73  71  84  74   6  92  64  19  22  94  39  61   1  19  63  74  64  19  62 
 83  35  94  18  67  62  37  96   7  51  37  39  77   7   3  52  51  77  55  72  40  31  54  81  32  19  92   5  27  65  89   3  33   7  80  75  52  82  53  48   2  89  11  87  36 
  0  13  33  33  94  35  27  37  61  39  53  70  86  67  33   7  80  16  54   6  36  44   1  10  15  86  69  30  54  16   8  77  37  38  40  74  46  14  39  94  59  56  33  20   7 
 19  87  79  91  60  27  75   5   1  90  56  61  85  46  50  77   6  39   2  80  61   0  80   5  99  77  45  85  74  73  88  83  83  83  32  26  72  27  24  14  58  77  69  46  83 
 83  53  16  81  89  41  23  78  77  61  98  95  41  68  33  57  53   1  26  68  31  86  50  81  48  85  10  21  10  55  39   3  35  38  49   5  36  80  36  78   7  30  19  54  67 
 2 34 37 43 10 38  6 11  5 26 38 28 41 29 47 30 20 40  6 30  3 44 50 19 44 46 30 23 34 45 29  1  2 18 23 35 17 49 34 36 43 45 20 26 25 
18  2  2 18 20 31 32 33 41  4  9  4 40  2  6 45 18  9 27 33 29 29 22 11 46 27 40 18 38  3 17 42 36 22 23 41 11 30 39 16 17 21 43 25 38 
39 34 22 26 28  2 28 19  8 42 16 24  2 14 41  3 41 46 45 29 20 32 42 15 40  6  1 23 50 50 42 14 36 40  3 43  2 15 24  7 27 45 24 13  8 
 2 50 32  6 15 32 31 43 16 26  8 31 23 10 16  6 23 30 48 37 25 10 33 38 38 36 49 11 37 49 48 25 33 18 19  2 21 28 24 42 14 33 33 21 45 
17 47 15 36 50 44 22  8 26 13 45 48 40  7 10 43 19 49 21 41 15 26 27  6 15 48 38 31  8 24 48 17 40 14 20 16 37  1  4 50  6 19 11  7 31 
41  4 30 21 41 16 47 23 35 10 45 50 46 35 24 15 42  5 40 19 24  2 11 36 27  8  1 29 11 11 18 44 21 38  7 23 25 17 33 10 12  3 14 15  8 
30  9 33 16 19 41 12  4 12 12 17 30 12 10 29 49  9 21 34 38 50 17 39  1 45 32  2 38 16 25 43 10 26  9 11 42  6 33 47 13 32 47 22 12 47 
36 49 36  2 11  1 24 15 44 44 30 40 13  7  6 24 21 44 43 33 50 45 10  2 35 12 37 47 21 22  3 28 18 21 12 35 28  1 11 45 44 12 16  1 12 
24  8  9 27 29 45 42 17 33 13  7 23 27 29 22 13 42  8 43 20 10 40 22  8 38 41 39  7 32 31 29 29 24 28  3 40 38  9 47 50 34  8 41 14 28 
46 22 23 25 41 11 27  7 46  4 28 10 47 47 33 14 49 39 11 34  6 19  1 41 12 17 34  8 14  2 20 18 24  6 37 46 45 29 13 46 45 42 18 39  8 
 3 25 27 32 13  9  1 15 13 11 35 32 10 13  6 30 13 49  8 37 26 16 20 34 50 43 31 49 50 37 19 18  7 21  8 39 43 17 26 28 10 34 43  2 30 
 5 48 11 13  7 18 27 10  3 13  1 48  6 42 20 10 13 12 34 45  3 36 30  1  9  4  4 42 45  9 14 29 46  1  4 14 26 13 35 14 10 42 40 37 25 
27 22 10 47  5  2 45 13 17 48 20 30 35 23 11 11 43 44 46  4 16 40 44 41 19 19 26 31 19 11  7 10 43  6 49 50  9 47 22 49 16 44 36 10 36 
44  9 29 41  6 37 38 50 11 11 30  2 26  2  2 28 11  4 25 29 38  2 32 17 10 34 43 29 48 19 13  8 23 43 28 19 18 14 36 34  4 33 19 48 24 
47  8 28 24 36 21 34 13  6 23  7 16  4 23  1  7 32 11 15 16 11  7 30  4 24 35  6  6 21 15  3 17 32 23 11 36 33 13 26 13 22 18 17 29 48 
17  6 33 44 18 30  5 27 11 42  6 45 15 23 23  3 32  7  4 27 24 22 15 37  9 26  3  9 22 28 33  7 17  8 20 40 43 44 46 29 25 30 11 47  6 
36 25 13 20 38 28  6  2 24 18 27 48 48 27  1 28  7 27  2  2  4 22 10 21 50  8 48 40 46 38 24 18 20  2 27 18 16  6 36  5 44 19 34 23 25 
29  7 21 44  7 28 44 17 18 12 20 44 30 10 31 33 20 33 11 12 39 15 37 16  1 42 15 37 23 14 48 24 50 46  2 29 17 45 29  4  2 32 25 18 27 
24 50  9  9 50 40 17 44 44 16  6 24  6 39 18  3 28 48 18  5  7 25  2 39 20 37 18 46 22 18 44 49 44  5 13 15  6 48 15 39 43 12 16 32 10 
17 30 16  9 21 50 31  1 13 40 32 36 32  8 14  4 28 22 50 42 11 21 26 29 42  2 37 28  8 10  2 18  6  3 41  3  7 25 24 15 11 48 32 45 33 
19 49 24 23 37 18 47  5 12 25 15 29  6 21 36 23 36 39 36  1 12 35 13 31 19 17 42 10 10 34 33  3 15 22 18 41 11 23 22 10 38 15  4 36 31 
22 45 17 39 38  4 29 27  1 37  3  8 43 13 34 49 50 23  6 41 39  7 49 22 23 11 46  2 42 14 14 34 47 44 11  8 20  3 16  7 27 11 26 16 29 
43 43 14 45 36 26 41 48 28 39 18 22 35  8 43 35 39 44 19 19 22  4 50 10 15 46 27 41 30 22  7 46 13  2  1  7  2 46 24  9 28 42 25 34 38 
 1  2 49 25 37 20 19  3 34  4 41 26 22 21 29 10 36 14 11 26 33 24 25 31 22  1 12 40 13 13 11 36 38  8  7 37 18 22 30 40 47  4 21 29 17 
 6  3 43 19 34 17 49 44  6 48 27 17  4 19 32 34 31 20  1 42 31 14 14 48 26 17 39  3 12  5 15 19  7 43 31 46 50 50 48 50 12  1 17 45 13 
20 41 40 30 15 30 20 35 23 42 25 40 39 46  5 20 50 32 14  3 11 11 17 15 46 39 37 14 10 18 32 38 13 37 31 11  2 16 48 26 19 23 31  7 42 
14  1  4 48 41 32 40 36 49 50 41 30 26 21 47  5  9 20 48 17 40 38  5 14  1 27 14 26 43 20 13 30 16 11  4 24 32 41 41 44 49 12  4 48 37 
45 49  3  6 49  2 45 15 20 24 31 43 29 32 30 21 46 21 16 44 48 33 25 44 45 26 20  7  3 10 21 48 33 27  9 44 25  5 29  9 27  2 25 17 46 
35  5  5 31 33 21 17 46 10 38 11 16 47 46 48  1 41 10  8  4 15 19  6 20 43 22 36 28 50 41 19 49 40  4 13  3 11 37 25 40  9 13 48 34 22 
42 42 26  3 43 17 46 43 36 44 17  1 20 17 11 12 34  2  3 46 49 25 46 45 24  7 22 49 27 47 50  4  4 24 37 17 16 35  6  7 33  5  9 18 25 
